-9.518745131538460802e-01 -2.991605612769230316e-01 6.661733846833660377e-02
-9.518745131538460802e-01 -2.447677319538462126e-01 1.844550584893205336e-01
-9.518745131538460802e-01 -1.903749026307692549e-01 2.401922306329944690e-01
-9.518745131538460802e-01 -1.359820733076922972e-01 2.746703241106868698e-01
-9.518745131538460802e-01 -8.158924398461543659e-02 2.954286825515547998e-01
-9.518745131538460802e-01 -2.719641466153848233e-02 3.052789973740189233e-01
-9.518745131538460802e-01 2.719641466153836437e-02 3.052789973740189233e-01
-9.518745131538460802e-01 8.158924398461532557e-02 2.954286825515547998e-01
-9.518745131538460802e-01 1.359820733076922972e-01 2.746703241106868698e-01
-9.518745131538460802e-01 1.903749026307692549e-01 2.401922306329944690e-01
-9.518745131538460802e-01 2.447677319538462126e-01 1.844550584893205336e-01
-9.518745131538460802e-01 2.991605612769229205e-01 6.661733846833660377e-02
-8.974816838307692057e-01 -4.079462199230768915e-01 1.676499592566600139e-01
-8.974816838307692057e-01 -3.535533906000000171e-01 2.636790230252133438e-01
-8.974816838307692057e-01 -2.991605612769230316e-01 3.240826835311686471e-01
-8.974816838307692057e-01 -2.447677319538462126e-01 3.668996928077991049e-01
-8.974816838307692057e-01 -1.903749026307692549e-01 3.978492473746961799e-01
-8.974816838307692057e-01 -1.359820733076922972e-01 4.195658505255505100e-01
-8.974816838307692057e-01 -8.158924398461543659e-02 4.334395257176091310e-01
-8.974816838307692057e-01 -2.719641466153848233e-02 4.402124285136038151e-01
-8.974816838307692057e-01 2.719641466153836437e-02 4.402124285136038151e-01
-8.974816838307692057e-01 8.158924398461532557e-02 4.334395257176091310e-01
-8.974816838307692057e-01 1.359820733076922972e-01 4.195658505255505100e-01
-8.974816838307692057e-01 1.903749026307692549e-01 3.978492473746961799e-01
-8.974816838307692057e-01 2.447677319538462126e-01 3.668996928077991049e-01
-8.974816838307692057e-01 2.991605612769229205e-01 3.240826835311686471e-01
-8.974816838307692057e-01 3.535533905999999060e-01 2.636790230252137324e-01
-8.974816838307692057e-01 4.079462199230768915e-01 1.676499592566600139e-01
-8.430888545076923313e-01 -5.167318785692307515e-01 1.489608978061724986e-01
-8.430888545076923313e-01 -4.623390492461538215e-01 2.746703241106868698e-01
-8.430888545076923313e-01 -4.079462199230768915e-01 3.504012914579224258e-01
-8.430888545076923313e-01 -3.535533906000000171e-01 4.052174519935572428e-01
-8.430888545076923313e-01 -2.991605612769230316e-01 4.468826937590932857e-01
-8.430888545076923313e-01 -2.447677319538462126e-01 4.788422921997150250e-01
-8.430888545076923313e-01 -1.903749026307692549e-01 5.029498780725891738e-01
-8.430888545076923313e-01 -1.359820733076922972e-01 5.202980483759751529e-01
-8.430888545076923313e-01 -8.158924398461543659e-02 5.315490369391390191e-01
-8.430888545076923313e-01 -2.719641466153848233e-02 5.370861555043706659e-01
-8.430888545076923313e-01 2.719641466153836437e-02 5.370861555043706659e-01
-8.430888545076923313e-01 8.158924398461532557e-02 5.315490369391390191e-01
-8.430888545076923313e-01 1.359820733076922972e-01 5.202980483759751529e-01
-8.430888545076923313e-01 1.903749026307692549e-01 5.029498780725891738e-01
-8.430888545076923313e-01 2.447677319538462126e-01 4.788422921997150250e-01
-8.430888545076923313e-01 2.991605612769229205e-01 4.468826937590932857e-01
-8.430888545076923313e-01 3.535533905999999060e-01 4.052174519935575203e-01
-8.430888545076923313e-01 4.079462199230768915e-01 3.504012914579224258e-01
-8.430888545076923313e-01 4.623390492461538215e-01 2.746703241106868698e-01
-8.430888545076923313e-01 5.167318785692307515e-01 1.489608978061724986e-01
-7.886960251846153458e-01 -5.711247078923077369e-01 2.275415300399353802e-01
-7.886960251846153458e-01 -5.167318785692307515e-01 3.330866937124664084e-01
-7.886960251846153458e-01 -4.623390492461538215e-01 4.052174519935575203e-01
-7.886960251846153458e-01 -4.079462199230768915e-01 4.599331054712862965e-01
-7.886960251846153458e-01 -3.535533906000000171e-01 5.029498780725892848e-01
-7.886960251846153458e-01 -2.991605612769230316e-01 5.370861555043706659e-01
-7.886960251846153458e-01 -2.447677319538462126e-01 5.639568576160401969e-01
-7.886960251846153458e-01 -1.903749026307692549e-01 5.845647751159094296e-01
-7.886960251846153458e-01 -1.359820733076922972e-01 5.995560487535174232e-01
-7.886960251846153458e-01 -8.158924398461543659e-02 6.093453660478657108e-01
-7.886960251846153458e-01 -2.719641466153848233e-02 6.141815162372979975e-01
-7.886960251846153458e-01 2.719641466153836437e-02 6.141815162372979975e-01
-7.886960251846153458e-01 8.158924398461532557e-02 6.093453660478657108e-01
-7.886960251846153458e-01 1.359820733076922972e-01 5.995560487535174232e-01
-7.886960251846153458e-01 1.903749026307692549e-01 5.845647751159094296e-01
-7.886960251846153458e-01 2.447677319538462126e-01 5.639568576160401969e-01
-7.886960251846153458e-01 2.991605612769229205e-01 5.370861555043707769e-01
-7.886960251846153458e-01 3.535533905999999060e-01 5.029498780725892848e-01
-7.886960251846153458e-01 4.079462199230768915e-01 4.599331054712862965e-01
-7.886960251846153458e-01 4.623390492461538215e-01 4.052174519935575203e-01
-7.886960251846153458e-01 5.167318785692307515e-01 3.330866937124664084e-01
-7.886960251846153458e-01 5.711247078923075149e-01 2.275415300399358798e-01
-7.343031958615383603e-01 -6.255175372153846114e-01 2.636790230252137324e-01
-7.343031958615383603e-01 -5.711247078923077369e-01 3.668996928077991049e-01
-7.343031958615383603e-01 -5.167318785692307515e-01 4.402124285136040371e-01
-7.343031958615383603e-01 -4.623390492461538215e-01 4.970326147142597462e-01
-7.343031958615383603e-01 -4.079462199230768915e-01 5.425667684239459110e-01
-7.343031958615383603e-01 -3.535533906000000171e-01 5.794815066443234075e-01
-7.343031958615383603e-01 -2.991605612769230316e-01 6.093453660478657108e-01
-7.343031958615383603e-01 -2.447677319538462126e-01 6.331568320263954996e-01
-7.343031958615383603e-01 -1.903749026307692549e-01 6.515797825254067144e-01
-7.343031958615383603e-01 -1.359820733076922972e-01 6.650621717452229742e-01
-7.343031958615383603e-01 -8.158924398461543659e-02 6.739005949051759536e-01
-7.343031958615383603e-01 -2.719641466153848233e-02 6.782766187751784193e-01
-7.343031958615383603e-01 2.719641466153836437e-02 6.782766187751784193e-01
-7.343031958615383603e-01 8.158924398461532557e-02 6.739005949051759536e-01
-7.343031958615383603e-01 1.359820733076922972e-01 6.650621717452229742e-01
-7.343031958615383603e-01 1.903749026307692549e-01 6.515797825254067144e-01
-7.343031958615383603e-01 2.447677319538462126e-01 6.331568320263954996e-01
-7.343031958615383603e-01 2.991605612769229205e-01 6.093453660478658218e-01
-7.343031958615383603e-01 3.535533905999999060e-01 5.794815066443235185e-01
-7.343031958615383603e-01 4.079462199230768915e-01 5.425667684239459110e-01
-7.343031958615383603e-01 4.623390492461538215e-01 4.970326147142597462e-01
-7.343031958615383603e-01 5.167318785692307515e-01 4.402124285136040371e-01
-7.343031958615383603e-01 5.711247078923075149e-01 3.668996928077994379e-01
-7.343031958615383603e-01 6.255175372153845004e-01 2.636790230252141765e-01
-6.799103665384614859e-01 -6.799103665384614859e-01 2.746703241106868698e-01
-6.799103665384614859e-01 -6.255175372153846114e-01 3.826874757678058181e-01
-6.799103665384614859e-01 -5.711247078923077369e-01 4.599331054712860190e-01
-6.799103665384614859e-01 -5.167318785692307515e-01 5.202980483759752639e-01
-6.799103665384614859e-01 -4.623390492461538215e-01 5.691787917831245824e-01
-6.799103665384614859e-01 -4.079462199230768915e-01 6.093453660478657108e-01
-6.799103665384614859e-01 -3.535533906000000171e-01 6.424343495399189585e-01
-6.799103665384614859e-01 -2.991605612769230316e-01 6.694959686585210124e-01
-6.799103665384614859e-01 -2.447677319538462126e-01 6.912384905860674555e-01
-6.799103665384614859e-01 -1.903749026307692549e-01 7.081520245836059324e-01
-6.799103665384614859e-01 -1.359820733076922972e-01 7.205766921101989242e-01
-6.799103665384614859e-01 -8.158924398461543659e-02 7.287421277376201489e-01
-6.799103665384614859e-01 -2.719641466153848233e-02 7.327907262671196076e-01
-6.799103665384614859e-01 2.719641466153836437e-02 7.327907262671196076e-01
-6.799103665384614859e-01 8.158924398461532557e-02 7.287421277376201489e-01
-6.799103665384614859e-01 1.359820733076922972e-01 7.205766921101989242e-01
-6.799103665384614859e-01 1.903749026307692549e-01 7.081520245836059324e-01
-6.799103665384614859e-01 2.447677319538462126e-01 6.912384905860674555e-01
-6.799103665384614859e-01 2.991605612769229205e-01 6.694959686585210124e-01
-6.799103665384614859e-01 3.535533905999999060e-01 6.424343495399190695e-01
-6.799103665384614859e-01 4.079462199230768915e-01 6.093453660478657108e-01
-6.799103665384614859e-01 4.623390492461538215e-01 5.691787917831245824e-01
-6.799103665384614859e-01 5.167318785692307515e-01 5.202980483759752639e-01
-6.799103665384614859e-01 5.711247078923075149e-01 4.599331054712862965e-01
-6.799103665384614859e-01 6.255175372153845004e-01 3.826874757678058181e-01
-6.799103665384614859e-01 6.799103665384614859e-01 2.746703241106868698e-01
-6.255175372153846114e-01 -7.343031958615383603e-01 2.636790230252137324e-01
-6.255175372153846114e-01 -6.799103665384614859e-01 3.826874757678058181e-01
-6.255175372153846114e-01 -6.255175372153846114e-01 4.663213712366182095e-01
-6.255175372153846114e-01 -5.711247078923077369e-01 5.315490369391390191e-01
-6.255175372153846114e-01 -5.167318785692307515e-01 5.845647751159094296e-01
-6.255175372153846114e-01 -4.623390492461538215e-01 6.284667168419998395e-01
-6.255175372153846114e-01 -4.079462199230768915e-01 6.650621717452229742e-01
-6.255175372153846114e-01 -3.535533906000000171e-01 6.955054353714597015e-01
-6.255175372153846114e-01 -2.991605612769230316e-01 7.205766921101989242e-01
-6.255175372153846114e-01 -2.447677319538462126e-01 7.408215493829604092e-01
-6.255175372153846114e-01 -1.903749026307692549e-01 7.566275220240968880e-01
-6.255175372153846114e-01 -1.359820733076922972e-01 7.682686290451676836e-01
-6.255175372153846114e-01 -8.158924398461543659e-02 7.759323462145516492e-01
-6.255175372153846114e-01 -2.719641466153848233e-02 7.797359589409467162e-01
-6.255175372153846114e-01 2.719641466153836437e-02 7.797359589409467162e-01
-6.255175372153846114e-01 8.158924398461532557e-02 7.759323462145516492e-01
-6.255175372153846114e-01 1.359820733076922972e-01 7.682686290451676836e-01
-6.255175372153846114e-01 1.903749026307692549e-01 7.566275220240968880e-01
-6.255175372153846114e-01 2.447677319538462126e-01 7.408215493829604092e-01
-6.255175372153846114e-01 2.991605612769229205e-01 7.205766921101989242e-01
-6.255175372153846114e-01 3.535533905999999060e-01 6.955054353714597015e-01
-6.255175372153846114e-01 4.079462199230768915e-01 6.650621717452229742e-01
-6.255175372153846114e-01 4.623390492461538215e-01 6.284667168419998395e-01
-6.255175372153846114e-01 5.167318785692307515e-01 5.845647751159094296e-01
-6.255175372153846114e-01 5.711247078923075149e-01 5.315490369391391301e-01
-6.255175372153846114e-01 6.255175372153845004e-01 4.663213712366183206e-01
-6.255175372153846114e-01 6.799103665384614859e-01 3.826874757678058181e-01
-6.255175372153846114e-01 7.343031958615383603e-01 2.636790230252137324e-01
-5.711247078923077369e-01 -7.886960251846153458e-01 2.275415300399353802e-01
-5.711247078923077369e-01 -7.343031958615383603e-01 3.668996928077991049e-01
-5.711247078923077369e-01 -6.799103665384614859e-01 4.599331054712860190e-01
-5.711247078923077369e-01 -6.255175372153846114e-01 5.315490369391390191e-01
-5.711247078923077369e-01 -5.711247078923077369e-01 5.896042198541766588e-01
-5.711247078923077369e-01 -5.167318785692307515e-01 6.378124596660369461e-01
-5.711247078923077369e-01 -4.623390492461538215e-01 6.782766187751784193e-01
-5.711247078923077369e-01 -4.079462199230768915e-01 7.123176606580794434e-01
-5.711247078923077369e-01 -3.535533906000000171e-01 7.408215493829604092e-01
-5.711247078923077369e-01 -2.991605612769230316e-01 7.644079582339541323e-01
-5.711247078923077369e-01 -2.447677319538462126e-01 7.835211072007545186e-01
-5.711247078923077369e-01 -1.903749026307692549e-01 7.984822881462376731e-01
-5.711247078923077369e-01 -1.359820733076922972e-01 8.095217376784069607e-01
-5.711247078923077369e-01 -8.158924398461543659e-02 8.167984838997591757e-01
-5.711247078923077369e-01 -2.719641466153848233e-02 8.204126541347859236e-01
-5.711247078923077369e-01 2.719641466153836437e-02 8.204126541347859236e-01
-5.711247078923077369e-01 8.158924398461532557e-02 8.167984838997591757e-01
-5.711247078923077369e-01 1.359820733076922972e-01 8.095217376784069607e-01
-5.711247078923077369e-01 1.903749026307692549e-01 7.984822881462376731e-01
-5.711247078923077369e-01 2.447677319538462126e-01 7.835211072007545186e-01
-5.711247078923077369e-01 2.991605612769229205e-01 7.644079582339541323e-01
-5.711247078923077369e-01 3.535533905999999060e-01 7.408215493829605203e-01
-5.711247078923077369e-01 4.079462199230768915e-01 7.123176606580794434e-01
-5.711247078923077369e-01 4.623390492461538215e-01 6.782766187751784193e-01
-5.711247078923077369e-01 5.167318785692307515e-01 6.378124596660369461e-01
-5.711247078923077369e-01 5.711247078923075149e-01 5.896042198541769919e-01
-5.711247078923077369e-01 6.255175372153845004e-01 5.315490369391391301e-01
-5.711247078923077369e-01 6.799103665384614859e-01 4.599331054712860190e-01
-5.711247078923077369e-01 7.343031958615383603e-01 3.668996928077991049e-01
-5.711247078923077369e-01 7.886960251846153458e-01 2.275415300399353802e-01
-5.167318785692307515e-01 -8.430888545076923313e-01 1.489608978061724986e-01
-5.167318785692307515e-01 -7.886960251846153458e-01 3.330866937124664084e-01
-5.167318785692307515e-01 -7.343031958615383603e-01 4.402124285136040371e-01
-5.167318785692307515e-01 -6.799103665384614859e-01 5.202980483759752639e-01
-5.167318785692307515e-01 -6.255175372153846114e-01 5.845647751159094296e-01
-5.167318785692307515e-01 -5.711247078923077369e-01 6.378124596660369461e-01
-5.167318785692307515e-01 -5.167318785692307515e-01 6.826245903427649031e-01
-5.167318785692307515e-01 -4.623390492461538215e-01 7.205766921101989242e-01
-5.167318785692307515e-01 -4.079462199230768915e-01 7.527071457883114380e-01
-5.167318785692307515e-01 -3.535533906000000171e-01 7.797359589409466052e-01
-5.167318785692307515e-01 -2.991605612769230316e-01 8.021789851690145356e-01
-5.167318785692307515e-01 -2.447677319538462126e-01 8.204126541347859236e-01
-5.167318785692307515e-01 -1.903749026307692549e-01 8.347128620781154584e-01
-5.167318785692307515e-01 -1.359820733076922972e-01 8.452792682949553660e-01
-5.167318785692307515e-01 -8.158924398461543659e-02 8.522507617692886006e-01
-5.167318785692307515e-01 -2.719641466153848233e-02 8.557152100435467812e-01
-5.167318785692307515e-01 2.719641466153836437e-02 8.557152100435467812e-01
-5.167318785692307515e-01 8.158924398461532557e-02 8.522507617692886006e-01
-5.167318785692307515e-01 1.359820733076922972e-01 8.452792682949553660e-01
-5.167318785692307515e-01 1.903749026307692549e-01 8.347128620781154584e-01
-5.167318785692307515e-01 2.447677319538462126e-01 8.204126541347859236e-01
-5.167318785692307515e-01 2.991605612769229205e-01 8.021789851690146467e-01
-5.167318785692307515e-01 3.535533905999999060e-01 7.797359589409467162e-01
-5.167318785692307515e-01 4.079462199230768915e-01 7.527071457883114380e-01
-5.167318785692307515e-01 4.623390492461538215e-01 7.205766921101989242e-01
-5.167318785692307515e-01 5.167318785692307515e-01 6.826245903427649031e-01
-5.167318785692307515e-01 5.711247078923075149e-01 6.378124596660370571e-01
-5.167318785692307515e-01 6.255175372153845004e-01 5.845647751159094296e-01
-5.167318785692307515e-01 6.799103665384614859e-01 5.202980483759752639e-01
-5.167318785692307515e-01 7.343031958615383603e-01 4.402124285136040371e-01
-5.167318785692307515e-01 7.886960251846153458e-01 3.330866937124664084e-01
-5.167318785692307515e-01 8.430888545076921092e-01 1.489608978061739974e-01
-4.623390492461538215e-01 -8.430888545076923313e-01 2.746703241106868698e-01
-4.623390492461538215e-01 -7.886960251846153458e-01 4.052174519935575203e-01
-4.623390492461538215e-01 -7.343031958615383603e-01 4.970326147142597462e-01
-4.623390492461538215e-01 -6.799103665384614859e-01 5.691787917831245824e-01
-4.623390492461538215e-01 -6.255175372153846114e-01 6.284667168419998395e-01
-4.623390492461538215e-01 -5.711247078923077369e-01 6.782766187751784193e-01
-4.623390492461538215e-01 -5.167318785692307515e-01 7.205766921101989242e-01
-4.623390492461538215e-01 -4.623390492461538215e-01 7.566275220240968880e-01
-4.623390492461538215e-01 -4.079462199230768915e-01 7.872880573161485929e-01
-4.623390492461538215e-01 -3.535533906000000171e-01 8.131682504484581964e-01
-4.623390492461538215e-01 -2.991605612769230316e-01 8.347128620781154584e-01
-4.623390492461538215e-01 -2.447677319538462126e-01 8.522507617692886006e-01
-4.623390492461538215e-01 -1.903749026307692549e-01 8.660254037789467674e-01
-4.623390492461538215e-01 -1.359820733076922972e-01 8.762142884483817840e-01
-4.623390492461538215e-01 -8.158924398461543659e-02 8.829415602451735623e-01
-4.623390492461538215e-01 -2.719641466153848233e-02 8.862860478263888675e-01
-4.623390492461538215e-01 2.719641466153836437e-02 8.862860478263888675e-01
-4.623390492461538215e-01 8.158924398461532557e-02 8.829415602451735623e-01
-4.623390492461538215e-01 1.359820733076922972e-01 8.762142884483817840e-01
-4.623390492461538215e-01 1.903749026307692549e-01 8.660254037789467674e-01
-4.623390492461538215e-01 2.447677319538462126e-01 8.522507617692886006e-01
-4.623390492461538215e-01 2.991605612769229205e-01 8.347128620781154584e-01
-4.623390492461538215e-01 3.535533905999999060e-01 8.131682504484581964e-01
-4.623390492461538215e-01 4.079462199230768915e-01 7.872880573161485929e-01
-4.623390492461538215e-01 4.623390492461538215e-01 7.566275220240968880e-01
-4.623390492461538215e-01 5.167318785692307515e-01 7.205766921101989242e-01
-4.623390492461538215e-01 5.711247078923075149e-01 6.782766187751786413e-01
-4.623390492461538215e-01 6.255175372153845004e-01 6.284667168419999506e-01
-4.623390492461538215e-01 6.799103665384614859e-01 5.691787917831245824e-01
-4.623390492461538215e-01 7.343031958615383603e-01 4.970326147142597462e-01
-4.623390492461538215e-01 7.886960251846153458e-01 4.052174519935575203e-01
-4.623390492461538215e-01 8.430888545076921092e-01 2.746703241106876470e-01
-4.079462199230768915e-01 -8.974816838307692057e-01 1.676499592566600139e-01
-4.079462199230768915e-01 -8.430888545076923313e-01 3.504012914579224258e-01
-4.079462199230768915e-01 -7.886960251846153458e-01 4.599331054712862965e-01
-4.079462199230768915e-01 -7.343031958615383603e-01 5.425667684239459110e-01
-4.079462199230768915e-01 -6.799103665384614859e-01 6.093453660478657108e-01
-4.079462199230768915e-01 -6.255175372153846114e-01 6.650621717452229742e-01
-4.079462199230768915e-01 -5.711247078923077369e-01 7.123176606580794434e-01
-4.079462199230768915e-01 -5.167318785692307515e-01 7.527071457883114380e-01
-4.079462199230768915e-01 -4.623390492461538215e-01 7.872880573161485929e-01
-4.079462199230768915e-01 -4.079462199230768915e-01 8.167984838997591757e-01
-4.079462199230768915e-01 -3.535533906000000171e-01 8.417718703103093114e-01
-4.079462199230768915e-01 -2.991605612769230316e-01 8.626023650715021196e-01
-4.079462199230768915e-01 -2.447677319538462126e-01 8.795843558435101350e-01
-4.079462199230768915e-01 -1.903749026307692549e-01 8.929374435529051635e-01
-4.079462199230768915e-01 -1.359820733076922972e-01 9.028226610965267573e-01
-4.079462199230768915e-01 -8.158924398461543659e-02 9.093531090376781867e-01
-4.079462199230768915e-01 -2.719641466153848233e-02 9.126008090507208292e-01
-4.079462199230768915e-01 2.719641466153836437e-02 9.126008090507208292e-01
-4.079462199230768915e-01 8.158924398461532557e-02 9.093531090376781867e-01
-4.079462199230768915e-01 1.359820733076922972e-01 9.028226610965267573e-01
-4.079462199230768915e-01 1.903749026307692549e-01 8.929374435529051635e-01
-4.079462199230768915e-01 2.447677319538462126e-01 8.795843558435101350e-01
-4.079462199230768915e-01 2.991605612769229205e-01 8.626023650715021196e-01
-4.079462199230768915e-01 3.535533905999999060e-01 8.417718703103095335e-01
-4.079462199230768915e-01 4.079462199230768915e-01 8.167984838997591757e-01
-4.079462199230768915e-01 4.623390492461538215e-01 7.872880573161485929e-01
-4.079462199230768915e-01 5.167318785692307515e-01 7.527071457883114380e-01
-4.079462199230768915e-01 5.711247078923075149e-01 7.123176606580794434e-01
-4.079462199230768915e-01 6.255175372153845004e-01 6.650621717452229742e-01
-4.079462199230768915e-01 6.799103665384614859e-01 6.093453660478657108e-01
-4.079462199230768915e-01 7.343031958615383603e-01 5.425667684239459110e-01
-4.079462199230768915e-01 7.886960251846153458e-01 4.599331054712862965e-01
-4.079462199230768915e-01 8.430888545076921092e-01 3.504012914579227034e-01
-4.079462199230768915e-01 8.974816838307690947e-01 1.676499592566606522e-01
-3.535533906000000171e-01 -8.974816838307692057e-01 2.636790230252133438e-01
-3.535533906000000171e-01 -8.430888545076923313e-01 4.052174519935572428e-01
-3.535533906000000171e-01 -7.886960251846153458e-01 5.029498780725892848e-01
-3.535533906000000171e-01 -7.343031958615383603e-01 5.794815066443234075e-01
-3.535533906000000171e-01 -6.799103665384614859e-01 6.424343495399189585e-01
-3.535533906000000171e-01 -6.255175372153846114e-01 6.955054353714597015e-01
-3.535533906000000171e-01 -5.711247078923077369e-01 7.408215493829604092e-01
-3.535533906000000171e-01 -5.167318785692307515e-01 7.797359589409466052e-01
-3.535533906000000171e-01 -4.623390492461538215e-01 8.131682504484581964e-01
-3.535533906000000171e-01 -4.079462199230768915e-01 8.417718703103093114e-01
-3.535533906000000171e-01 -3.535533906000000171e-01 8.660254037789467674e-01
-3.535533906000000171e-01 -2.991605612769230316e-01 8.862860478263888675e-01
-3.535533906000000171e-01 -2.447677319538462126e-01 9.028226610965266463e-01
-3.535533906000000171e-01 -1.903749026307692549e-01 9.158369922882395597e-01
-3.535533906000000171e-01 -1.359820733076922972e-01 9.254776473444321638e-01
-3.535533906000000171e-01 -8.158924398461543659e-02 9.318493415039057481e-01
-3.535533906000000171e-01 -2.719641466153848233e-02 9.350189062392275652e-01
-3.535533906000000171e-01 2.719641466153836437e-02 9.350189062392275652e-01
-3.535533906000000171e-01 8.158924398461532557e-02 9.318493415039057481e-01
-3.535533906000000171e-01 1.359820733076922972e-01 9.254776473444321638e-01
-3.535533906000000171e-01 1.903749026307692549e-01 9.158369922882395597e-01
-3.535533906000000171e-01 2.447677319538462126e-01 9.028226610965266463e-01
-3.535533906000000171e-01 2.991605612769229205e-01 8.862860478263889785e-01
-3.535533906000000171e-01 3.535533905999999060e-01 8.660254037789467674e-01
-3.535533906000000171e-01 4.079462199230768915e-01 8.417718703103093114e-01
-3.535533906000000171e-01 4.623390492461538215e-01 8.131682504484581964e-01
-3.535533906000000171e-01 5.167318785692307515e-01 7.797359589409466052e-01
-3.535533906000000171e-01 5.711247078923075149e-01 7.408215493829605203e-01
-3.535533906000000171e-01 6.255175372153845004e-01 6.955054353714598125e-01
-3.535533906000000171e-01 6.799103665384614859e-01 6.424343495399189585e-01
-3.535533906000000171e-01 7.343031958615383603e-01 5.794815066443234075e-01
-3.535533906000000171e-01 7.886960251846153458e-01 5.029498780725892848e-01
-3.535533906000000171e-01 8.430888545076921092e-01 4.052174519935577979e-01
-3.535533906000000171e-01 8.974816838307690947e-01 2.636790230252137324e-01
-2.991605612769230316e-01 -9.518745131538460802e-01 6.661733846833660377e-02
-2.991605612769230316e-01 -8.974816838307692057e-01 3.240826835311686471e-01
-2.991605612769230316e-01 -8.430888545076923313e-01 4.468826937590932857e-01
-2.991605612769230316e-01 -7.886960251846153458e-01 5.370861555043706659e-01
-2.991605612769230316e-01 -7.343031958615383603e-01 6.093453660478657108e-01
-2.991605612769230316e-01 -6.799103665384614859e-01 6.694959686585210124e-01
-2.991605612769230316e-01 -6.255175372153846114e-01 7.205766921101989242e-01
-2.991605612769230316e-01 -5.711247078923077369e-01 7.644079582339541323e-01
-2.991605612769230316e-01 -5.167318785692307515e-01 8.021789851690145356e-01
-2.991605612769230316e-01 -4.623390492461538215e-01 8.347128620781154584e-01
-2.991605612769230316e-01 -4.079462199230768915e-01 8.626023650715021196e-01
-2.991605612769230316e-01 -3.535533906000000171e-01 8.862860478263888675e-01
-2.991605612769230316e-01 -2.991605612769230316e-01 9.060937684108376633e-01
-2.991605612769230316e-01 -2.447677319538462126e-01 9.222752929416717649e-01
-2.991605612769230316e-01 -1.903749026307692549e-01 9.350189062392275652e-01
-2.991605612769230316e-01 -1.359820733076922972e-01 9.444637813677227989e-01
-2.991605612769230316e-01 -8.158924398461543659e-02 9.507082380217893869e-01
-2.991605612769230316e-01 -2.719641466153848233e-02 9.538151359702958798e-01
-2.991605612769230316e-01 2.719641466153836437e-02 9.538151359702958798e-01
-2.991605612769230316e-01 8.158924398461532557e-02 9.507082380217893869e-01
-2.991605612769230316e-01 1.359820733076922972e-01 9.444637813677227989e-01
-2.991605612769230316e-01 1.903749026307692549e-01 9.350189062392275652e-01
-2.991605612769230316e-01 2.447677319538462126e-01 9.222752929416717649e-01
-2.991605612769230316e-01 2.991605612769229205e-01 9.060937684108377743e-01
-2.991605612769230316e-01 3.535533905999999060e-01 8.862860478263889785e-01
-2.991605612769230316e-01 4.079462199230768915e-01 8.626023650715021196e-01
-2.991605612769230316e-01 4.623390492461538215e-01 8.347128620781154584e-01
-2.991605612769230316e-01 5.167318785692307515e-01 8.021789851690145356e-01
-2.991605612769230316e-01 5.711247078923075149e-01 7.644079582339542434e-01
-2.991605612769230316e-01 6.255175372153845004e-01 7.205766921101989242e-01
-2.991605612769230316e-01 6.799103665384614859e-01 6.694959686585210124e-01
-2.991605612769230316e-01 7.343031958615383603e-01 6.093453660478657108e-01
-2.991605612769230316e-01 7.886960251846153458e-01 5.370861555043706659e-01
-2.991605612769230316e-01 8.430888545076921092e-01 4.468826937590935078e-01
-2.991605612769230316e-01 8.974816838307690947e-01 3.240826835311690357e-01
-2.991605612769230316e-01 9.518745131538459692e-01 6.661733846833826911e-02
-2.447677319538462126e-01 -9.518745131538460802e-01 1.844550584893205336e-01
-2.447677319538462126e-01 -8.974816838307692057e-01 3.668996928077991049e-01
-2.447677319538462126e-01 -8.430888545076923313e-01 4.788422921997150250e-01
-2.447677319538462126e-01 -7.886960251846153458e-01 5.639568576160401969e-01
-2.447677319538462126e-01 -7.343031958615383603e-01 6.331568320263954996e-01
-2.447677319538462126e-01 -6.799103665384614859e-01 6.912384905860674555e-01
-2.447677319538462126e-01 -6.255175372153846114e-01 7.408215493829604092e-01
-2.447677319538462126e-01 -5.711247078923077369e-01 7.835211072007545186e-01
-2.447677319538462126e-01 -5.167318785692307515e-01 8.204126541347859236e-01
-2.447677319538462126e-01 -4.623390492461538215e-01 8.522507617692886006e-01
-2.447677319538462126e-01 -4.079462199230768915e-01 8.795843558435101350e-01
-2.447677319538462126e-01 -3.535533906000000171e-01 9.028226610965266463e-01
-2.447677319538462126e-01 -2.991605612769230316e-01 9.222752929416717649e-01
-2.447677319538462126e-01 -2.447677319538462126e-01 9.381777628937599811e-01
-2.447677319538462126e-01 -1.903749026307692549e-01 9.507082380217892759e-01
-2.447677319538462126e-01 -1.359820733076922972e-01 9.599987672560373886e-01
-2.447677319538462126e-01 -8.158924398461543659e-02 9.661428220818022439e-01
-2.447677319538462126e-01 -2.719641466153848233e-02 9.692002437183596664e-01
-2.447677319538462126e-01 2.719641466153836437e-02 9.692002437183596664e-01
-2.447677319538462126e-01 8.158924398461532557e-02 9.661428220818022439e-01
-2.447677319538462126e-01 1.359820733076922972e-01 9.599987672560373886e-01
-2.447677319538462126e-01 1.903749026307692549e-01 9.507082380217892759e-01
-2.447677319538462126e-01 2.447677319538462126e-01 9.381777628937599811e-01
-2.447677319538462126e-01 2.991605612769229205e-01 9.222752929416717649e-01
-2.447677319538462126e-01 3.535533905999999060e-01 9.028226610965267573e-01
-2.447677319538462126e-01 4.079462199230768915e-01 8.795843558435101350e-01
-2.447677319538462126e-01 4.623390492461538215e-01 8.522507617692886006e-01
-2.447677319538462126e-01 5.167318785692307515e-01 8.204126541347859236e-01
-2.447677319538462126e-01 5.711247078923075149e-01 7.835211072007546296e-01
-2.447677319538462126e-01 6.255175372153845004e-01 7.408215493829605203e-01
-2.447677319538462126e-01 6.799103665384614859e-01 6.912384905860674555e-01
-2.447677319538462126e-01 7.343031958615383603e-01 6.331568320263954996e-01
-2.447677319538462126e-01 7.886960251846153458e-01 5.639568576160401969e-01
-2.447677319538462126e-01 8.430888545076921092e-01 4.788422921997153581e-01
-2.447677319538462126e-01 8.974816838307690947e-01 3.668996928077994379e-01
-2.447677319538462126e-01 9.518745131538459692e-01 1.844550584893211442e-01
-1.903749026307692549e-01 -9.518745131538460802e-01 2.401922306329944690e-01
-1.903749026307692549e-01 -8.974816838307692057e-01 3.978492473746961799e-01
-1.903749026307692549e-01 -8.430888545076923313e-01 5.029498780725891738e-01
-1.903749026307692549e-01 -7.886960251846153458e-01 5.845647751159094296e-01
-1.903749026307692549e-01 -7.343031958615383603e-01 6.515797825254067144e-01
-1.903749026307692549e-01 -6.799103665384614859e-01 7.081520245836059324e-01
-1.903749026307692549e-01 -6.255175372153846114e-01 7.566275220240968880e-01
-1.903749026307692549e-01 -5.711247078923077369e-01 7.984822881462376731e-01
-1.903749026307692549e-01 -5.167318785692307515e-01 8.347128620781154584e-01
-1.903749026307692549e-01 -4.623390492461538215e-01 8.660254037789467674e-01
-1.903749026307692549e-01 -4.079462199230768915e-01 8.929374435529051635e-01
-1.903749026307692549e-01 -3.535533906000000171e-01 9.158369922882395597e-01
-1.903749026307692549e-01 -2.991605612769230316e-01 9.350189062392275652e-01
-1.903749026307692549e-01 -2.447677319538462126e-01 9.507082380217892759e-01
-1.903749026307692549e-01 -1.903749026307692549e-01 9.630756942715615887e-01
-1.903749026307692549e-01 -1.359820733076922972e-01 9.722480507500472768e-01
-1.903749026307692549e-01 -8.158924398461543659e-02 9.783151801512353085e-01
-1.903749026307692549e-01 -2.719641466153848233e-02 9.813346786279810718e-01
-1.903749026307692549e-01 2.719641466153836437e-02 9.813346786279810718e-01
-1.903749026307692549e-01 8.158924398461532557e-02 9.783151801512353085e-01
-1.903749026307692549e-01 1.359820733076922972e-01 9.722480507500472768e-01
-1.903749026307692549e-01 1.903749026307692549e-01 9.630756942715615887e-01
-1.903749026307692549e-01 2.447677319538462126e-01 9.507082380217892759e-01
-1.903749026307692549e-01 2.991605612769229205e-01 9.350189062392276762e-01
-1.903749026307692549e-01 3.535533905999999060e-01 9.158369922882395597e-01
-1.903749026307692549e-01 4.079462199230768915e-01 8.929374435529051635e-01
-1.903749026307692549e-01 4.623390492461538215e-01 8.660254037789467674e-01
-1.903749026307692549e-01 5.167318785692307515e-01 8.347128620781154584e-01
-1.903749026307692549e-01 5.711247078923075149e-01 7.984822881462378952e-01
-1.903749026307692549e-01 6.255175372153845004e-01 7.566275220240968880e-01
-1.903749026307692549e-01 6.799103665384614859e-01 7.081520245836059324e-01
-1.903749026307692549e-01 7.343031958615383603e-01 6.515797825254067144e-01
-1.903749026307692549e-01 7.886960251846153458e-01 5.845647751159094296e-01
-1.903749026307692549e-01 8.430888545076921092e-01 5.029498780725895068e-01
-1.903749026307692549e-01 8.974816838307690947e-01 3.978492473746964575e-01
-1.903749026307692549e-01 9.518745131538459692e-01 2.401922306329949408e-01
-1.359820733076922972e-01 -9.518745131538460802e-01 2.746703241106868698e-01
-1.359820733076922972e-01 -8.974816838307692057e-01 4.195658505255505100e-01
-1.359820733076922972e-01 -8.430888545076923313e-01 5.202980483759751529e-01
-1.359820733076922972e-01 -7.886960251846153458e-01 5.995560487535174232e-01
-1.359820733076922972e-01 -7.343031958615383603e-01 6.650621717452229742e-01
-1.359820733076922972e-01 -6.799103665384614859e-01 7.205766921101989242e-01
-1.359820733076922972e-01 -6.255175372153846114e-01 7.682686290451676836e-01
-1.359820733076922972e-01 -5.711247078923077369e-01 8.095217376784069607e-01
-1.359820733076922972e-01 -5.167318785692307515e-01 8.452792682949553660e-01
-1.359820733076922972e-01 -4.623390492461538215e-01 8.762142884483817840e-01
-1.359820733076922972e-01 -4.079462199230768915e-01 9.028226610965267573e-01
-1.359820733076922972e-01 -3.535533906000000171e-01 9.254776473444321638e-01
-1.359820733076922972e-01 -2.991605612769230316e-01 9.444637813677227989e-01
-1.359820733076922972e-01 -2.447677319538462126e-01 9.599987672560373886e-01
-1.359820733076922972e-01 -1.903749026307692549e-01 9.722480507500472768e-01
-1.359820733076922972e-01 -1.359820733076922972e-01 9.813346786279810718e-01
-1.359820733076922972e-01 -8.158924398461543659e-02 9.873459733067028177e-01
-1.359820733076922972e-01 -2.719641466153848233e-02 9.903379376599177331e-01
-1.359820733076922972e-01 2.719641466153836437e-02 9.903379376599177331e-01
-1.359820733076922972e-01 8.158924398461532557e-02 9.873459733067028177e-01
-1.359820733076922972e-01 1.359820733076922972e-01 9.813346786279810718e-01
-1.359820733076922972e-01 1.903749026307692549e-01 9.722480507500472768e-01
-1.359820733076922972e-01 2.447677319538462126e-01 9.599987672560373886e-01
-1.359820733076922972e-01 2.991605612769229205e-01 9.444637813677229099e-01
-1.359820733076922972e-01 3.535533905999999060e-01 9.254776473444321638e-01
-1.359820733076922972e-01 4.079462199230768915e-01 9.028226610965267573e-01
-1.359820733076922972e-01 4.623390492461538215e-01 8.762142884483817840e-01
-1.359820733076922972e-01 5.167318785692307515e-01 8.452792682949553660e-01
-1.359820733076922972e-01 5.711247078923075149e-01 8.095217376784071828e-01
-1.359820733076922972e-01 6.255175372153845004e-01 7.682686290451676836e-01
-1.359820733076922972e-01 6.799103665384614859e-01 7.205766921101989242e-01
-1.359820733076922972e-01 7.343031958615383603e-01 6.650621717452229742e-01
-1.359820733076922972e-01 7.886960251846153458e-01 5.995560487535174232e-01
-1.359820733076922972e-01 8.430888545076921092e-01 5.202980483759754859e-01
-1.359820733076922972e-01 8.974816838307690947e-01 4.195658505255507875e-01
-1.359820733076922972e-01 9.518745131538459692e-01 2.746703241106876470e-01
-8.158924398461543659e-02 -9.518745131538460802e-01 2.954286825515547998e-01
-8.158924398461543659e-02 -8.974816838307692057e-01 4.334395257176091310e-01
-8.158924398461543659e-02 -8.430888545076923313e-01 5.315490369391390191e-01
-8.158924398461543659e-02 -7.886960251846153458e-01 6.093453660478657108e-01
-8.158924398461543659e-02 -7.343031958615383603e-01 6.739005949051759536e-01
-8.158924398461543659e-02 -6.799103665384614859e-01 7.287421277376201489e-01
-8.158924398461543659e-02 -6.255175372153846114e-01 7.759323462145516492e-01
-8.158924398461543659e-02 -5.711247078923077369e-01 8.167984838997591757e-01
-8.158924398461543659e-02 -5.167318785692307515e-01 8.522507617692886006e-01
-8.158924398461543659e-02 -4.623390492461538215e-01 8.829415602451735623e-01
-8.158924398461543659e-02 -4.079462199230768915e-01 9.093531090376781867e-01
-8.158924398461543659e-02 -3.535533906000000171e-01 9.318493415039057481e-01
-8.158924398461543659e-02 -2.991605612769230316e-01 9.507082380217893869e-01
-8.158924398461543659e-02 -2.447677319538462126e-01 9.661428220818022439e-01
-8.158924398461543659e-02 -1.903749026307692549e-01 9.783151801512353085e-01
-8.158924398461543659e-02 -1.359820733076922972e-01 9.873459733067028177e-01
-8.158924398461543659e-02 -8.158924398461543659e-02 9.933208900108956296e-01
-8.158924398461543659e-02 -2.719641466153848233e-02 9.962949113066755791e-01
-8.158924398461543659e-02 2.719641466153836437e-02 9.962949113066755791e-01
-8.158924398461543659e-02 8.158924398461532557e-02 9.933208900108956296e-01
-8.158924398461543659e-02 1.359820733076922972e-01 9.873459733067028177e-01
-8.158924398461543659e-02 1.903749026307692549e-01 9.783151801512353085e-01
-8.158924398461543659e-02 2.447677319538462126e-01 9.661428220818022439e-01
-8.158924398461543659e-02 2.991605612769229205e-01 9.507082380217893869e-01
-8.158924398461543659e-02 3.535533905999999060e-01 9.318493415039057481e-01
-8.158924398461543659e-02 4.079462199230768915e-01 9.093531090376781867e-01
-8.158924398461543659e-02 4.623390492461538215e-01 8.829415602451735623e-01
-8.158924398461543659e-02 5.167318785692307515e-01 8.522507617692886006e-01
-8.158924398461543659e-02 5.711247078923075149e-01 8.167984838997592867e-01
-8.158924398461543659e-02 6.255175372153845004e-01 7.759323462145517603e-01
-8.158924398461543659e-02 6.799103665384614859e-01 7.287421277376201489e-01
-8.158924398461543659e-02 7.343031958615383603e-01 6.739005949051759536e-01
-8.158924398461543659e-02 7.886960251846153458e-01 6.093453660478657108e-01
-8.158924398461543659e-02 8.430888545076921092e-01 5.315490369391391301e-01
-8.158924398461543659e-02 8.974816838307690947e-01 4.334395257176096306e-01
-8.158924398461543659e-02 9.518745131538459692e-01 2.954286825515551884e-01
-2.719641466153848233e-02 -9.518745131538460802e-01 3.052789973740189233e-01
-2.719641466153848233e-02 -8.974816838307692057e-01 4.402124285136038151e-01
-2.719641466153848233e-02 -8.430888545076923313e-01 5.370861555043706659e-01
-2.719641466153848233e-02 -7.886960251846153458e-01 6.141815162372979975e-01
-2.719641466153848233e-02 -7.343031958615383603e-01 6.782766187751784193e-01
-2.719641466153848233e-02 -6.799103665384614859e-01 7.327907262671196076e-01
-2.719641466153848233e-02 -6.255175372153846114e-01 7.797359589409467162e-01
-2.719641466153848233e-02 -5.711247078923077369e-01 8.204126541347859236e-01
-2.719641466153848233e-02 -5.167318785692307515e-01 8.557152100435467812e-01
-2.719641466153848233e-02 -4.623390492461538215e-01 8.862860478263888675e-01
-2.719641466153848233e-02 -4.079462199230768915e-01 9.126008090507208292e-01
-2.719641466153848233e-02 -3.535533906000000171e-01 9.350189062392275652e-01
-2.719641466153848233e-02 -2.991605612769230316e-01 9.538151359702958798e-01
-2.719641466153848233e-02 -2.447677319538462126e-01 9.692002437183596664e-01
-2.719641466153848233e-02 -1.903749026307692549e-01 9.813346786279810718e-01
-2.719641466153848233e-02 -1.359820733076922972e-01 9.903379376599177331e-01
-2.719641466153848233e-02 -8.158924398461543659e-02 9.962949113066755791e-01
-2.719641466153848233e-02 -2.719641466153848233e-02 9.992600812897087792e-01
-2.719641466153848233e-02 2.719641466153836437e-02 9.992600812897087792e-01
-2.719641466153848233e-02 8.158924398461532557e-02 9.962949113066755791e-01
-2.719641466153848233e-02 1.359820733076922972e-01 9.903379376599177331e-01
-2.719641466153848233e-02 1.903749026307692549e-01 9.813346786279810718e-01
-2.719641466153848233e-02 2.447677319538462126e-01 9.692002437183596664e-01
-2.719641466153848233e-02 2.991605612769229205e-01 9.538151359702959908e-01
-2.719641466153848233e-02 3.535533905999999060e-01 9.350189062392276762e-01
-2.719641466153848233e-02 4.079462199230768915e-01 9.126008090507208292e-01
-2.719641466153848233e-02 4.623390492461538215e-01 8.862860478263888675e-01
-2.719641466153848233e-02 5.167318785692307515e-01 8.557152100435467812e-01
-2.719641466153848233e-02 5.711247078923075149e-01 8.204126541347860346e-01
-2.719641466153848233e-02 6.255175372153845004e-01 7.797359589409467162e-01
-2.719641466153848233e-02 6.799103665384614859e-01 7.327907262671196076e-01
-2.719641466153848233e-02 7.343031958615383603e-01 6.782766187751784193e-01
-2.719641466153848233e-02 7.886960251846153458e-01 6.141815162372979975e-01
-2.719641466153848233e-02 8.430888545076921092e-01 5.370861555043707769e-01
-2.719641466153848233e-02 8.974816838307690947e-01 4.402124285136040371e-01
-2.719641466153848233e-02 9.518745131538459692e-01 3.052789973740190899e-01
2.719641466153836437e-02 -9.518745131538460802e-01 3.052789973740189233e-01
2.719641466153836437e-02 -8.974816838307692057e-01 4.402124285136038151e-01
2.719641466153836437e-02 -8.430888545076923313e-01 5.370861555043706659e-01
2.719641466153836437e-02 -7.886960251846153458e-01 6.141815162372979975e-01
2.719641466153836437e-02 -7.343031958615383603e-01 6.782766187751784193e-01
2.719641466153836437e-02 -6.799103665384614859e-01 7.327907262671196076e-01
2.719641466153836437e-02 -6.255175372153846114e-01 7.797359589409467162e-01
2.719641466153836437e-02 -5.711247078923077369e-01 8.204126541347859236e-01
2.719641466153836437e-02 -5.167318785692307515e-01 8.557152100435467812e-01
2.719641466153836437e-02 -4.623390492461538215e-01 8.862860478263888675e-01
2.719641466153836437e-02 -4.079462199230768915e-01 9.126008090507208292e-01
2.719641466153836437e-02 -3.535533906000000171e-01 9.350189062392275652e-01
2.719641466153836437e-02 -2.991605612769230316e-01 9.538151359702958798e-01
2.719641466153836437e-02 -2.447677319538462126e-01 9.692002437183596664e-01
2.719641466153836437e-02 -1.903749026307692549e-01 9.813346786279810718e-01
2.719641466153836437e-02 -1.359820733076922972e-01 9.903379376599177331e-01
2.719641466153836437e-02 -8.158924398461543659e-02 9.962949113066755791e-01
2.719641466153836437e-02 -2.719641466153848233e-02 9.992600812897087792e-01
2.719641466153836437e-02 2.719641466153836437e-02 9.992600812897087792e-01
2.719641466153836437e-02 8.158924398461532557e-02 9.962949113066755791e-01
2.719641466153836437e-02 1.359820733076922972e-01 9.903379376599177331e-01
2.719641466153836437e-02 1.903749026307692549e-01 9.813346786279810718e-01
2.719641466153836437e-02 2.447677319538462126e-01 9.692002437183596664e-01
2.719641466153836437e-02 2.991605612769229205e-01 9.538151359702959908e-01
2.719641466153836437e-02 3.535533905999999060e-01 9.350189062392276762e-01
2.719641466153836437e-02 4.079462199230768915e-01 9.126008090507208292e-01
2.719641466153836437e-02 4.623390492461538215e-01 8.862860478263888675e-01
2.719641466153836437e-02 5.167318785692307515e-01 8.557152100435467812e-01
2.719641466153836437e-02 5.711247078923075149e-01 8.204126541347860346e-01
2.719641466153836437e-02 6.255175372153845004e-01 7.797359589409467162e-01
2.719641466153836437e-02 6.799103665384614859e-01 7.327907262671196076e-01
2.719641466153836437e-02 7.343031958615383603e-01 6.782766187751784193e-01
2.719641466153836437e-02 7.886960251846153458e-01 6.141815162372979975e-01
2.719641466153836437e-02 8.430888545076921092e-01 5.370861555043707769e-01
2.719641466153836437e-02 8.974816838307690947e-01 4.402124285136040371e-01
2.719641466153836437e-02 9.518745131538459692e-01 3.052789973740190899e-01
8.158924398461532557e-02 -9.518745131538460802e-01 2.954286825515547998e-01
8.158924398461532557e-02 -8.974816838307692057e-01 4.334395257176091310e-01
8.158924398461532557e-02 -8.430888545076923313e-01 5.315490369391390191e-01
8.158924398461532557e-02 -7.886960251846153458e-01 6.093453660478657108e-01
8.158924398461532557e-02 -7.343031958615383603e-01 6.739005949051759536e-01
8.158924398461532557e-02 -6.799103665384614859e-01 7.287421277376201489e-01
8.158924398461532557e-02 -6.255175372153846114e-01 7.759323462145516492e-01
8.158924398461532557e-02 -5.711247078923077369e-01 8.167984838997591757e-01
8.158924398461532557e-02 -5.167318785692307515e-01 8.522507617692886006e-01
8.158924398461532557e-02 -4.623390492461538215e-01 8.829415602451735623e-01
8.158924398461532557e-02 -4.079462199230768915e-01 9.093531090376781867e-01
8.158924398461532557e-02 -3.535533906000000171e-01 9.318493415039057481e-01
8.158924398461532557e-02 -2.991605612769230316e-01 9.507082380217893869e-01
8.158924398461532557e-02 -2.447677319538462126e-01 9.661428220818022439e-01
8.158924398461532557e-02 -1.903749026307692549e-01 9.783151801512353085e-01
8.158924398461532557e-02 -1.359820733076922972e-01 9.873459733067028177e-01
8.158924398461532557e-02 -8.158924398461543659e-02 9.933208900108956296e-01
8.158924398461532557e-02 -2.719641466153848233e-02 9.962949113066755791e-01
8.158924398461532557e-02 2.719641466153836437e-02 9.962949113066755791e-01
8.158924398461532557e-02 8.158924398461532557e-02 9.933208900108956296e-01
8.158924398461532557e-02 1.359820733076922972e-01 9.873459733067028177e-01
8.158924398461532557e-02 1.903749026307692549e-01 9.783151801512353085e-01
8.158924398461532557e-02 2.447677319538462126e-01 9.661428220818022439e-01
8.158924398461532557e-02 2.991605612769229205e-01 9.507082380217893869e-01
8.158924398461532557e-02 3.535533905999999060e-01 9.318493415039057481e-01
8.158924398461532557e-02 4.079462199230768915e-01 9.093531090376781867e-01
8.158924398461532557e-02 4.623390492461538215e-01 8.829415602451735623e-01
8.158924398461532557e-02 5.167318785692307515e-01 8.522507617692886006e-01
8.158924398461532557e-02 5.711247078923075149e-01 8.167984838997592867e-01
8.158924398461532557e-02 6.255175372153845004e-01 7.759323462145517603e-01
8.158924398461532557e-02 6.799103665384614859e-01 7.287421277376201489e-01
8.158924398461532557e-02 7.343031958615383603e-01 6.739005949051759536e-01
8.158924398461532557e-02 7.886960251846153458e-01 6.093453660478657108e-01
8.158924398461532557e-02 8.430888545076921092e-01 5.315490369391391301e-01
8.158924398461532557e-02 8.974816838307690947e-01 4.334395257176096306e-01
8.158924398461532557e-02 9.518745131538459692e-01 2.954286825515551884e-01
1.359820733076922972e-01 -9.518745131538460802e-01 2.746703241106868698e-01
1.359820733076922972e-01 -8.974816838307692057e-01 4.195658505255505100e-01
1.359820733076922972e-01 -8.430888545076923313e-01 5.202980483759751529e-01
1.359820733076922972e-01 -7.886960251846153458e-01 5.995560487535174232e-01
1.359820733076922972e-01 -7.343031958615383603e-01 6.650621717452229742e-01
1.359820733076922972e-01 -6.799103665384614859e-01 7.205766921101989242e-01
1.359820733076922972e-01 -6.255175372153846114e-01 7.682686290451676836e-01
1.359820733076922972e-01 -5.711247078923077369e-01 8.095217376784069607e-01
1.359820733076922972e-01 -5.167318785692307515e-01 8.452792682949553660e-01
1.359820733076922972e-01 -4.623390492461538215e-01 8.762142884483817840e-01
1.359820733076922972e-01 -4.079462199230768915e-01 9.028226610965267573e-01
1.359820733076922972e-01 -3.535533906000000171e-01 9.254776473444321638e-01
1.359820733076922972e-01 -2.991605612769230316e-01 9.444637813677227989e-01
1.359820733076922972e-01 -2.447677319538462126e-01 9.599987672560373886e-01
1.359820733076922972e-01 -1.903749026307692549e-01 9.722480507500472768e-01
1.359820733076922972e-01 -1.359820733076922972e-01 9.813346786279810718e-01
1.359820733076922972e-01 -8.158924398461543659e-02 9.873459733067028177e-01
1.359820733076922972e-01 -2.719641466153848233e-02 9.903379376599177331e-01
1.359820733076922972e-01 2.719641466153836437e-02 9.903379376599177331e-01
1.359820733076922972e-01 8.158924398461532557e-02 9.873459733067028177e-01
1.359820733076922972e-01 1.359820733076922972e-01 9.813346786279810718e-01
1.359820733076922972e-01 1.903749026307692549e-01 9.722480507500472768e-01
1.359820733076922972e-01 2.447677319538462126e-01 9.599987672560373886e-01
1.359820733076922972e-01 2.991605612769229205e-01 9.444637813677229099e-01
1.359820733076922972e-01 3.535533905999999060e-01 9.254776473444321638e-01
1.359820733076922972e-01 4.079462199230768915e-01 9.028226610965267573e-01
1.359820733076922972e-01 4.623390492461538215e-01 8.762142884483817840e-01
1.359820733076922972e-01 5.167318785692307515e-01 8.452792682949553660e-01
1.359820733076922972e-01 5.711247078923075149e-01 8.095217376784071828e-01
1.359820733076922972e-01 6.255175372153845004e-01 7.682686290451676836e-01
1.359820733076922972e-01 6.799103665384614859e-01 7.205766921101989242e-01
1.359820733076922972e-01 7.343031958615383603e-01 6.650621717452229742e-01
1.359820733076922972e-01 7.886960251846153458e-01 5.995560487535174232e-01
1.359820733076922972e-01 8.430888545076921092e-01 5.202980483759754859e-01
1.359820733076922972e-01 8.974816838307690947e-01 4.195658505255507875e-01
1.359820733076922972e-01 9.518745131538459692e-01 2.746703241106876470e-01
1.903749026307692549e-01 -9.518745131538460802e-01 2.401922306329944690e-01
1.903749026307692549e-01 -8.974816838307692057e-01 3.978492473746961799e-01
1.903749026307692549e-01 -8.430888545076923313e-01 5.029498780725891738e-01
1.903749026307692549e-01 -7.886960251846153458e-01 5.845647751159094296e-01
1.903749026307692549e-01 -7.343031958615383603e-01 6.515797825254067144e-01
1.903749026307692549e-01 -6.799103665384614859e-01 7.081520245836059324e-01
1.903749026307692549e-01 -6.255175372153846114e-01 7.566275220240968880e-01
1.903749026307692549e-01 -5.711247078923077369e-01 7.984822881462376731e-01
1.903749026307692549e-01 -5.167318785692307515e-01 8.347128620781154584e-01
1.903749026307692549e-01 -4.623390492461538215e-01 8.660254037789467674e-01
1.903749026307692549e-01 -4.079462199230768915e-01 8.929374435529051635e-01
1.903749026307692549e-01 -3.535533906000000171e-01 9.158369922882395597e-01
1.903749026307692549e-01 -2.991605612769230316e-01 9.350189062392275652e-01
1.903749026307692549e-01 -2.447677319538462126e-01 9.507082380217892759e-01
1.903749026307692549e-01 -1.903749026307692549e-01 9.630756942715615887e-01
1.903749026307692549e-01 -1.359820733076922972e-01 9.722480507500472768e-01
1.903749026307692549e-01 -8.158924398461543659e-02 9.783151801512353085e-01
1.903749026307692549e-01 -2.719641466153848233e-02 9.813346786279810718e-01
1.903749026307692549e-01 2.719641466153836437e-02 9.813346786279810718e-01
1.903749026307692549e-01 8.158924398461532557e-02 9.783151801512353085e-01
1.903749026307692549e-01 1.359820733076922972e-01 9.722480507500472768e-01
1.903749026307692549e-01 1.903749026307692549e-01 9.630756942715615887e-01
1.903749026307692549e-01 2.447677319538462126e-01 9.507082380217892759e-01
1.903749026307692549e-01 2.991605612769229205e-01 9.350189062392276762e-01
1.903749026307692549e-01 3.535533905999999060e-01 9.158369922882395597e-01
1.903749026307692549e-01 4.079462199230768915e-01 8.929374435529051635e-01
1.903749026307692549e-01 4.623390492461538215e-01 8.660254037789467674e-01
1.903749026307692549e-01 5.167318785692307515e-01 8.347128620781154584e-01
1.903749026307692549e-01 5.711247078923075149e-01 7.984822881462378952e-01
1.903749026307692549e-01 6.255175372153845004e-01 7.566275220240968880e-01
1.903749026307692549e-01 6.799103665384614859e-01 7.081520245836059324e-01
1.903749026307692549e-01 7.343031958615383603e-01 6.515797825254067144e-01
1.903749026307692549e-01 7.886960251846153458e-01 5.845647751159094296e-01
1.903749026307692549e-01 8.430888545076921092e-01 5.029498780725895068e-01
1.903749026307692549e-01 8.974816838307690947e-01 3.978492473746964575e-01
1.903749026307692549e-01 9.518745131538459692e-01 2.401922306329949408e-01
2.447677319538462126e-01 -9.518745131538460802e-01 1.844550584893205336e-01
2.447677319538462126e-01 -8.974816838307692057e-01 3.668996928077991049e-01
2.447677319538462126e-01 -8.430888545076923313e-01 4.788422921997150250e-01
2.447677319538462126e-01 -7.886960251846153458e-01 5.639568576160401969e-01
2.447677319538462126e-01 -7.343031958615383603e-01 6.331568320263954996e-01
2.447677319538462126e-01 -6.799103665384614859e-01 6.912384905860674555e-01
2.447677319538462126e-01 -6.255175372153846114e-01 7.408215493829604092e-01
2.447677319538462126e-01 -5.711247078923077369e-01 7.835211072007545186e-01
2.447677319538462126e-01 -5.167318785692307515e-01 8.204126541347859236e-01
2.447677319538462126e-01 -4.623390492461538215e-01 8.522507617692886006e-01
2.447677319538462126e-01 -4.079462199230768915e-01 8.795843558435101350e-01
2.447677319538462126e-01 -3.535533906000000171e-01 9.028226610965266463e-01
2.447677319538462126e-01 -2.991605612769230316e-01 9.222752929416717649e-01
2.447677319538462126e-01 -2.447677319538462126e-01 9.381777628937599811e-01
2.447677319538462126e-01 -1.903749026307692549e-01 9.507082380217892759e-01
2.447677319538462126e-01 -1.359820733076922972e-01 9.599987672560373886e-01
2.447677319538462126e-01 -8.158924398461543659e-02 9.661428220818022439e-01
2.447677319538462126e-01 -2.719641466153848233e-02 9.692002437183596664e-01
2.447677319538462126e-01 2.719641466153836437e-02 9.692002437183596664e-01
2.447677319538462126e-01 8.158924398461532557e-02 9.661428220818022439e-01
2.447677319538462126e-01 1.359820733076922972e-01 9.599987672560373886e-01
2.447677319538462126e-01 1.903749026307692549e-01 9.507082380217892759e-01
2.447677319538462126e-01 2.447677319538462126e-01 9.381777628937599811e-01
2.447677319538462126e-01 2.991605612769229205e-01 9.222752929416717649e-01
2.447677319538462126e-01 3.535533905999999060e-01 9.028226610965267573e-01
2.447677319538462126e-01 4.079462199230768915e-01 8.795843558435101350e-01
2.447677319538462126e-01 4.623390492461538215e-01 8.522507617692886006e-01
2.447677319538462126e-01 5.167318785692307515e-01 8.204126541347859236e-01
2.447677319538462126e-01 5.711247078923075149e-01 7.835211072007546296e-01
2.447677319538462126e-01 6.255175372153845004e-01 7.408215493829605203e-01
2.447677319538462126e-01 6.799103665384614859e-01 6.912384905860674555e-01
2.447677319538462126e-01 7.343031958615383603e-01 6.331568320263954996e-01
2.447677319538462126e-01 7.886960251846153458e-01 5.639568576160401969e-01
2.447677319538462126e-01 8.430888545076921092e-01 4.788422921997153581e-01
2.447677319538462126e-01 8.974816838307690947e-01 3.668996928077994379e-01
2.447677319538462126e-01 9.518745131538459692e-01 1.844550584893211442e-01
2.991605612769229205e-01 -9.518745131538460802e-01 6.661733846833660377e-02
2.991605612769229205e-01 -8.974816838307692057e-01 3.240826835311686471e-01
2.991605612769229205e-01 -8.430888545076923313e-01 4.468826937590932857e-01
2.991605612769229205e-01 -7.886960251846153458e-01 5.370861555043707769e-01
2.991605612769229205e-01 -7.343031958615383603e-01 6.093453660478658218e-01
2.991605612769229205e-01 -6.799103665384614859e-01 6.694959686585210124e-01
2.991605612769229205e-01 -6.255175372153846114e-01 7.205766921101989242e-01
2.991605612769229205e-01 -5.711247078923077369e-01 7.644079582339541323e-01
2.991605612769229205e-01 -5.167318785692307515e-01 8.021789851690146467e-01
2.991605612769229205e-01 -4.623390492461538215e-01 8.347128620781154584e-01
2.991605612769229205e-01 -4.079462199230768915e-01 8.626023650715021196e-01
2.991605612769229205e-01 -3.535533906000000171e-01 8.862860478263889785e-01
2.991605612769229205e-01 -2.991605612769230316e-01 9.060937684108377743e-01
2.991605612769229205e-01 -2.447677319538462126e-01 9.222752929416717649e-01
2.991605612769229205e-01 -1.903749026307692549e-01 9.350189062392276762e-01
2.991605612769229205e-01 -1.359820733076922972e-01 9.444637813677229099e-01
2.991605612769229205e-01 -8.158924398461543659e-02 9.507082380217893869e-01
2.991605612769229205e-01 -2.719641466153848233e-02 9.538151359702959908e-01
2.991605612769229205e-01 2.719641466153836437e-02 9.538151359702959908e-01
2.991605612769229205e-01 8.158924398461532557e-02 9.507082380217893869e-01
2.991605612769229205e-01 1.359820733076922972e-01 9.444637813677229099e-01
2.991605612769229205e-01 1.903749026307692549e-01 9.350189062392276762e-01
2.991605612769229205e-01 2.447677319538462126e-01 9.222752929416717649e-01
2.991605612769229205e-01 2.991605612769229205e-01 9.060937684108377743e-01
2.991605612769229205e-01 3.535533905999999060e-01 8.862860478263890895e-01
2.991605612769229205e-01 4.079462199230768915e-01 8.626023650715021196e-01
2.991605612769229205e-01 4.623390492461538215e-01 8.347128620781154584e-01
2.991605612769229205e-01 5.167318785692307515e-01 8.021789851690146467e-01
2.991605612769229205e-01 5.711247078923075149e-01 7.644079582339543544e-01
2.991605612769229205e-01 6.255175372153845004e-01 7.205766921101989242e-01
2.991605612769229205e-01 6.799103665384614859e-01 6.694959686585210124e-01
2.991605612769229205e-01 7.343031958615383603e-01 6.093453660478658218e-01
2.991605612769229205e-01 7.886960251846153458e-01 5.370861555043707769e-01
2.991605612769229205e-01 8.430888545076921092e-01 4.468826937590937853e-01
2.991605612769229205e-01 8.974816838307690947e-01 3.240826835311690357e-01
2.991605612769229205e-01 9.518745131538459692e-01 6.661733846833826911e-02
3.535533905999999060e-01 -8.974816838307692057e-01 2.636790230252137324e-01
3.535533905999999060e-01 -8.430888545076923313e-01 4.052174519935575203e-01
3.535533905999999060e-01 -7.886960251846153458e-01 5.029498780725892848e-01
3.535533905999999060e-01 -7.343031958615383603e-01 5.794815066443235185e-01
3.535533905999999060e-01 -6.799103665384614859e-01 6.424343495399190695e-01
3.535533905999999060e-01 -6.255175372153846114e-01 6.955054353714597015e-01
3.535533905999999060e-01 -5.711247078923077369e-01 7.408215493829605203e-01
3.535533905999999060e-01 -5.167318785692307515e-01 7.797359589409467162e-01
3.535533905999999060e-01 -4.623390492461538215e-01 8.131682504484581964e-01
3.535533905999999060e-01 -4.079462199230768915e-01 8.417718703103095335e-01
3.535533905999999060e-01 -3.535533906000000171e-01 8.660254037789467674e-01
3.535533905999999060e-01 -2.991605612769230316e-01 8.862860478263889785e-01
3.535533905999999060e-01 -2.447677319538462126e-01 9.028226610965267573e-01
3.535533905999999060e-01 -1.903749026307692549e-01 9.158369922882395597e-01
3.535533905999999060e-01 -1.359820733076922972e-01 9.254776473444321638e-01
3.535533905999999060e-01 -8.158924398461543659e-02 9.318493415039057481e-01
3.535533905999999060e-01 -2.719641466153848233e-02 9.350189062392276762e-01
3.535533905999999060e-01 2.719641466153836437e-02 9.350189062392276762e-01
3.535533905999999060e-01 8.158924398461532557e-02 9.318493415039057481e-01
3.535533905999999060e-01 1.359820733076922972e-01 9.254776473444321638e-01
3.535533905999999060e-01 1.903749026307692549e-01 9.158369922882395597e-01
3.535533905999999060e-01 2.447677319538462126e-01 9.028226610965267573e-01
3.535533905999999060e-01 2.991605612769229205e-01 8.862860478263890895e-01
3.535533905999999060e-01 3.535533905999999060e-01 8.660254037789467674e-01
3.535533905999999060e-01 4.079462199230768915e-01 8.417718703103095335e-01
3.535533905999999060e-01 4.623390492461538215e-01 8.131682504484581964e-01
3.535533905999999060e-01 5.167318785692307515e-01 7.797359589409467162e-01
3.535533905999999060e-01 5.711247078923075149e-01 7.408215493829605203e-01
3.535533905999999060e-01 6.255175372153845004e-01 6.955054353714598125e-01
3.535533905999999060e-01 6.799103665384614859e-01 6.424343495399190695e-01
3.535533905999999060e-01 7.343031958615383603e-01 5.794815066443235185e-01
3.535533905999999060e-01 7.886960251846153458e-01 5.029498780725892848e-01
3.535533905999999060e-01 8.430888545076921092e-01 4.052174519935577979e-01
3.535533905999999060e-01 8.974816838307690947e-01 2.636790230252141765e-01
4.079462199230768915e-01 -8.974816838307692057e-01 1.676499592566600139e-01
4.079462199230768915e-01 -8.430888545076923313e-01 3.504012914579224258e-01
4.079462199230768915e-01 -7.886960251846153458e-01 4.599331054712862965e-01
4.079462199230768915e-01 -7.343031958615383603e-01 5.425667684239459110e-01
4.079462199230768915e-01 -6.799103665384614859e-01 6.093453660478657108e-01
4.079462199230768915e-01 -6.255175372153846114e-01 6.650621717452229742e-01
4.079462199230768915e-01 -5.711247078923077369e-01 7.123176606580794434e-01
4.079462199230768915e-01 -5.167318785692307515e-01 7.527071457883114380e-01
4.079462199230768915e-01 -4.623390492461538215e-01 7.872880573161485929e-01
4.079462199230768915e-01 -4.079462199230768915e-01 8.167984838997591757e-01
4.079462199230768915e-01 -3.535533906000000171e-01 8.417718703103093114e-01
4.079462199230768915e-01 -2.991605612769230316e-01 8.626023650715021196e-01
4.079462199230768915e-01 -2.447677319538462126e-01 8.795843558435101350e-01
4.079462199230768915e-01 -1.903749026307692549e-01 8.929374435529051635e-01
4.079462199230768915e-01 -1.359820733076922972e-01 9.028226610965267573e-01
4.079462199230768915e-01 -8.158924398461543659e-02 9.093531090376781867e-01
4.079462199230768915e-01 -2.719641466153848233e-02 9.126008090507208292e-01
4.079462199230768915e-01 2.719641466153836437e-02 9.126008090507208292e-01
4.079462199230768915e-01 8.158924398461532557e-02 9.093531090376781867e-01
4.079462199230768915e-01 1.359820733076922972e-01 9.028226610965267573e-01
4.079462199230768915e-01 1.903749026307692549e-01 8.929374435529051635e-01
4.079462199230768915e-01 2.447677319538462126e-01 8.795843558435101350e-01
4.079462199230768915e-01 2.991605612769229205e-01 8.626023650715021196e-01
4.079462199230768915e-01 3.535533905999999060e-01 8.417718703103095335e-01
4.079462199230768915e-01 4.079462199230768915e-01 8.167984838997591757e-01
4.079462199230768915e-01 4.623390492461538215e-01 7.872880573161485929e-01
4.079462199230768915e-01 5.167318785692307515e-01 7.527071457883114380e-01
4.079462199230768915e-01 5.711247078923075149e-01 7.123176606580794434e-01
4.079462199230768915e-01 6.255175372153845004e-01 6.650621717452229742e-01
4.079462199230768915e-01 6.799103665384614859e-01 6.093453660478657108e-01
4.079462199230768915e-01 7.343031958615383603e-01 5.425667684239459110e-01
4.079462199230768915e-01 7.886960251846153458e-01 4.599331054712862965e-01
4.079462199230768915e-01 8.430888545076921092e-01 3.504012914579227034e-01
4.079462199230768915e-01 8.974816838307690947e-01 1.676499592566606522e-01
4.623390492461538215e-01 -8.430888545076923313e-01 2.746703241106868698e-01
4.623390492461538215e-01 -7.886960251846153458e-01 4.052174519935575203e-01
4.623390492461538215e-01 -7.343031958615383603e-01 4.970326147142597462e-01
4.623390492461538215e-01 -6.799103665384614859e-01 5.691787917831245824e-01
4.623390492461538215e-01 -6.255175372153846114e-01 6.284667168419998395e-01
4.623390492461538215e-01 -5.711247078923077369e-01 6.782766187751784193e-01
4.623390492461538215e-01 -5.167318785692307515e-01 7.205766921101989242e-01
4.623390492461538215e-01 -4.623390492461538215e-01 7.566275220240968880e-01
4.623390492461538215e-01 -4.079462199230768915e-01 7.872880573161485929e-01
4.623390492461538215e-01 -3.535533906000000171e-01 8.131682504484581964e-01
4.623390492461538215e-01 -2.991605612769230316e-01 8.347128620781154584e-01
4.623390492461538215e-01 -2.447677319538462126e-01 8.522507617692886006e-01
4.623390492461538215e-01 -1.903749026307692549e-01 8.660254037789467674e-01
4.623390492461538215e-01 -1.359820733076922972e-01 8.762142884483817840e-01
4.623390492461538215e-01 -8.158924398461543659e-02 8.829415602451735623e-01
4.623390492461538215e-01 -2.719641466153848233e-02 8.862860478263888675e-01
4.623390492461538215e-01 2.719641466153836437e-02 8.862860478263888675e-01
4.623390492461538215e-01 8.158924398461532557e-02 8.829415602451735623e-01
4.623390492461538215e-01 1.359820733076922972e-01 8.762142884483817840e-01
4.623390492461538215e-01 1.903749026307692549e-01 8.660254037789467674e-01
4.623390492461538215e-01 2.447677319538462126e-01 8.522507617692886006e-01
4.623390492461538215e-01 2.991605612769229205e-01 8.347128620781154584e-01
4.623390492461538215e-01 3.535533905999999060e-01 8.131682504484581964e-01
4.623390492461538215e-01 4.079462199230768915e-01 7.872880573161485929e-01
4.623390492461538215e-01 4.623390492461538215e-01 7.566275220240968880e-01
4.623390492461538215e-01 5.167318785692307515e-01 7.205766921101989242e-01
4.623390492461538215e-01 5.711247078923075149e-01 6.782766187751786413e-01
4.623390492461538215e-01 6.255175372153845004e-01 6.284667168419999506e-01
4.623390492461538215e-01 6.799103665384614859e-01 5.691787917831245824e-01
4.623390492461538215e-01 7.343031958615383603e-01 4.970326147142597462e-01
4.623390492461538215e-01 7.886960251846153458e-01 4.052174519935575203e-01
4.623390492461538215e-01 8.430888545076921092e-01 2.746703241106876470e-01
5.167318785692307515e-01 -8.430888545076923313e-01 1.489608978061724986e-01
5.167318785692307515e-01 -7.886960251846153458e-01 3.330866937124664084e-01
5.167318785692307515e-01 -7.343031958615383603e-01 4.402124285136040371e-01
5.167318785692307515e-01 -6.799103665384614859e-01 5.202980483759752639e-01
5.167318785692307515e-01 -6.255175372153846114e-01 5.845647751159094296e-01
5.167318785692307515e-01 -5.711247078923077369e-01 6.378124596660369461e-01
5.167318785692307515e-01 -5.167318785692307515e-01 6.826245903427649031e-01
5.167318785692307515e-01 -4.623390492461538215e-01 7.205766921101989242e-01
5.167318785692307515e-01 -4.079462199230768915e-01 7.527071457883114380e-01
5.167318785692307515e-01 -3.535533906000000171e-01 7.797359589409466052e-01
5.167318785692307515e-01 -2.991605612769230316e-01 8.021789851690145356e-01
5.167318785692307515e-01 -2.447677319538462126e-01 8.204126541347859236e-01
5.167318785692307515e-01 -1.903749026307692549e-01 8.347128620781154584e-01
5.167318785692307515e-01 -1.359820733076922972e-01 8.452792682949553660e-01
5.167318785692307515e-01 -8.158924398461543659e-02 8.522507617692886006e-01
5.167318785692307515e-01 -2.719641466153848233e-02 8.557152100435467812e-01
5.167318785692307515e-01 2.719641466153836437e-02 8.557152100435467812e-01
5.167318785692307515e-01 8.158924398461532557e-02 8.522507617692886006e-01
5.167318785692307515e-01 1.359820733076922972e-01 8.452792682949553660e-01
5.167318785692307515e-01 1.903749026307692549e-01 8.347128620781154584e-01
5.167318785692307515e-01 2.447677319538462126e-01 8.204126541347859236e-01
5.167318785692307515e-01 2.991605612769229205e-01 8.021789851690146467e-01
5.167318785692307515e-01 3.535533905999999060e-01 7.797359589409467162e-01
5.167318785692307515e-01 4.079462199230768915e-01 7.527071457883114380e-01
5.167318785692307515e-01 4.623390492461538215e-01 7.205766921101989242e-01
5.167318785692307515e-01 5.167318785692307515e-01 6.826245903427649031e-01
5.167318785692307515e-01 5.711247078923075149e-01 6.378124596660370571e-01
5.167318785692307515e-01 6.255175372153845004e-01 5.845647751159094296e-01
5.167318785692307515e-01 6.799103665384614859e-01 5.202980483759752639e-01
5.167318785692307515e-01 7.343031958615383603e-01 4.402124285136040371e-01
5.167318785692307515e-01 7.886960251846153458e-01 3.330866937124664084e-01
5.167318785692307515e-01 8.430888545076921092e-01 1.489608978061739974e-01
5.711247078923075149e-01 -7.886960251846153458e-01 2.275415300399358798e-01
5.711247078923075149e-01 -7.343031958615383603e-01 3.668996928077994379e-01
5.711247078923075149e-01 -6.799103665384614859e-01 4.599331054712862965e-01
5.711247078923075149e-01 -6.255175372153846114e-01 5.315490369391391301e-01
5.711247078923075149e-01 -5.711247078923077369e-01 5.896042198541769919e-01
5.711247078923075149e-01 -5.167318785692307515e-01 6.378124596660370571e-01
5.711247078923075149e-01 -4.623390492461538215e-01 6.782766187751786413e-01
5.711247078923075149e-01 -4.079462199230768915e-01 7.123176606580794434e-01
5.711247078923075149e-01 -3.535533906000000171e-01 7.408215493829605203e-01
5.711247078923075149e-01 -2.991605612769230316e-01 7.644079582339542434e-01
5.711247078923075149e-01 -2.447677319538462126e-01 7.835211072007546296e-01
5.711247078923075149e-01 -1.903749026307692549e-01 7.984822881462378952e-01
5.711247078923075149e-01 -1.359820733076922972e-01 8.095217376784071828e-01
5.711247078923075149e-01 -8.158924398461543659e-02 8.167984838997592867e-01
5.711247078923075149e-01 -2.719641466153848233e-02 8.204126541347860346e-01
5.711247078923075149e-01 2.719641466153836437e-02 8.204126541347860346e-01
5.711247078923075149e-01 8.158924398461532557e-02 8.167984838997592867e-01
5.711247078923075149e-01 1.359820733076922972e-01 8.095217376784071828e-01
5.711247078923075149e-01 1.903749026307692549e-01 7.984822881462378952e-01
5.711247078923075149e-01 2.447677319538462126e-01 7.835211072007546296e-01
5.711247078923075149e-01 2.991605612769229205e-01 7.644079582339543544e-01
5.711247078923075149e-01 3.535533905999999060e-01 7.408215493829605203e-01
5.711247078923075149e-01 4.079462199230768915e-01 7.123176606580794434e-01
5.711247078923075149e-01 4.623390492461538215e-01 6.782766187751786413e-01
5.711247078923075149e-01 5.167318785692307515e-01 6.378124596660370571e-01
5.711247078923075149e-01 5.711247078923075149e-01 5.896042198541771029e-01
5.711247078923075149e-01 6.255175372153845004e-01 5.315490369391393521e-01
5.711247078923075149e-01 6.799103665384614859e-01 4.599331054712862965e-01
5.711247078923075149e-01 7.343031958615383603e-01 3.668996928077994379e-01
5.711247078923075149e-01 7.886960251846153458e-01 2.275415300399358798e-01
6.255175372153845004e-01 -7.343031958615383603e-01 2.636790230252141765e-01
6.255175372153845004e-01 -6.799103665384614859e-01 3.826874757678058181e-01
6.255175372153845004e-01 -6.255175372153846114e-01 4.663213712366183206e-01
6.255175372153845004e-01 -5.711247078923077369e-01 5.315490369391391301e-01
6.255175372153845004e-01 -5.167318785692307515e-01 5.845647751159094296e-01
6.255175372153845004e-01 -4.623390492461538215e-01 6.284667168419999506e-01
6.255175372153845004e-01 -4.079462199230768915e-01 6.650621717452229742e-01
6.255175372153845004e-01 -3.535533906000000171e-01 6.955054353714598125e-01
6.255175372153845004e-01 -2.991605612769230316e-01 7.205766921101989242e-01
6.255175372153845004e-01 -2.447677319538462126e-01 7.408215493829605203e-01
6.255175372153845004e-01 -1.903749026307692549e-01 7.566275220240968880e-01
6.255175372153845004e-01 -1.359820733076922972e-01 7.682686290451676836e-01
6.255175372153845004e-01 -8.158924398461543659e-02 7.759323462145517603e-01
6.255175372153845004e-01 -2.719641466153848233e-02 7.797359589409467162e-01
6.255175372153845004e-01 2.719641466153836437e-02 7.797359589409467162e-01
6.255175372153845004e-01 8.158924398461532557e-02 7.759323462145517603e-01
6.255175372153845004e-01 1.359820733076922972e-01 7.682686290451676836e-01
6.255175372153845004e-01 1.903749026307692549e-01 7.566275220240968880e-01
6.255175372153845004e-01 2.447677319538462126e-01 7.408215493829605203e-01
6.255175372153845004e-01 2.991605612769229205e-01 7.205766921101989242e-01
6.255175372153845004e-01 3.535533905999999060e-01 6.955054353714598125e-01
6.255175372153845004e-01 4.079462199230768915e-01 6.650621717452229742e-01
6.255175372153845004e-01 4.623390492461538215e-01 6.284667168419999506e-01
6.255175372153845004e-01 5.167318785692307515e-01 5.845647751159094296e-01
6.255175372153845004e-01 5.711247078923075149e-01 5.315490369391393521e-01
6.255175372153845004e-01 6.255175372153845004e-01 4.663213712366183206e-01
6.255175372153845004e-01 6.799103665384614859e-01 3.826874757678058181e-01
6.255175372153845004e-01 7.343031958615383603e-01 2.636790230252141765e-01
6.799103665384614859e-01 -6.799103665384614859e-01 2.746703241106868698e-01
6.799103665384614859e-01 -6.255175372153846114e-01 3.826874757678058181e-01
6.799103665384614859e-01 -5.711247078923077369e-01 4.599331054712860190e-01
6.799103665384614859e-01 -5.167318785692307515e-01 5.202980483759752639e-01
6.799103665384614859e-01 -4.623390492461538215e-01 5.691787917831245824e-01
6.799103665384614859e-01 -4.079462199230768915e-01 6.093453660478657108e-01
6.799103665384614859e-01 -3.535533906000000171e-01 6.424343495399189585e-01
6.799103665384614859e-01 -2.991605612769230316e-01 6.694959686585210124e-01
6.799103665384614859e-01 -2.447677319538462126e-01 6.912384905860674555e-01
6.799103665384614859e-01 -1.903749026307692549e-01 7.081520245836059324e-01
6.799103665384614859e-01 -1.359820733076922972e-01 7.205766921101989242e-01
6.799103665384614859e-01 -8.158924398461543659e-02 7.287421277376201489e-01
6.799103665384614859e-01 -2.719641466153848233e-02 7.327907262671196076e-01
6.799103665384614859e-01 2.719641466153836437e-02 7.327907262671196076e-01
6.799103665384614859e-01 8.158924398461532557e-02 7.287421277376201489e-01
6.799103665384614859e-01 1.359820733076922972e-01 7.205766921101989242e-01
6.799103665384614859e-01 1.903749026307692549e-01 7.081520245836059324e-01
6.799103665384614859e-01 2.447677319538462126e-01 6.912384905860674555e-01
6.799103665384614859e-01 2.991605612769229205e-01 6.694959686585210124e-01
6.799103665384614859e-01 3.535533905999999060e-01 6.424343495399190695e-01
6.799103665384614859e-01 4.079462199230768915e-01 6.093453660478657108e-01
6.799103665384614859e-01 4.623390492461538215e-01 5.691787917831245824e-01
6.799103665384614859e-01 5.167318785692307515e-01 5.202980483759752639e-01
6.799103665384614859e-01 5.711247078923075149e-01 4.599331054712862965e-01
6.799103665384614859e-01 6.255175372153845004e-01 3.826874757678058181e-01
6.799103665384614859e-01 6.799103665384614859e-01 2.746703241106868698e-01
7.343031958615383603e-01 -6.255175372153846114e-01 2.636790230252137324e-01
7.343031958615383603e-01 -5.711247078923077369e-01 3.668996928077991049e-01
7.343031958615383603e-01 -5.167318785692307515e-01 4.402124285136040371e-01
7.343031958615383603e-01 -4.623390492461538215e-01 4.970326147142597462e-01
7.343031958615383603e-01 -4.079462199230768915e-01 5.425667684239459110e-01
7.343031958615383603e-01 -3.535533906000000171e-01 5.794815066443234075e-01
7.343031958615383603e-01 -2.991605612769230316e-01 6.093453660478657108e-01
7.343031958615383603e-01 -2.447677319538462126e-01 6.331568320263954996e-01
7.343031958615383603e-01 -1.903749026307692549e-01 6.515797825254067144e-01
7.343031958615383603e-01 -1.359820733076922972e-01 6.650621717452229742e-01
7.343031958615383603e-01 -8.158924398461543659e-02 6.739005949051759536e-01
7.343031958615383603e-01 -2.719641466153848233e-02 6.782766187751784193e-01
7.343031958615383603e-01 2.719641466153836437e-02 6.782766187751784193e-01
7.343031958615383603e-01 8.158924398461532557e-02 6.739005949051759536e-01
7.343031958615383603e-01 1.359820733076922972e-01 6.650621717452229742e-01
7.343031958615383603e-01 1.903749026307692549e-01 6.515797825254067144e-01
7.343031958615383603e-01 2.447677319538462126e-01 6.331568320263954996e-01
7.343031958615383603e-01 2.991605612769229205e-01 6.093453660478658218e-01
7.343031958615383603e-01 3.535533905999999060e-01 5.794815066443235185e-01
7.343031958615383603e-01 4.079462199230768915e-01 5.425667684239459110e-01
7.343031958615383603e-01 4.623390492461538215e-01 4.970326147142597462e-01
7.343031958615383603e-01 5.167318785692307515e-01 4.402124285136040371e-01
7.343031958615383603e-01 5.711247078923075149e-01 3.668996928077994379e-01
7.343031958615383603e-01 6.255175372153845004e-01 2.636790230252141765e-01
7.886960251846153458e-01 -5.711247078923077369e-01 2.275415300399353802e-01
7.886960251846153458e-01 -5.167318785692307515e-01 3.330866937124664084e-01
7.886960251846153458e-01 -4.623390492461538215e-01 4.052174519935575203e-01
7.886960251846153458e-01 -4.079462199230768915e-01 4.599331054712862965e-01
7.886960251846153458e-01 -3.535533906000000171e-01 5.029498780725892848e-01
7.886960251846153458e-01 -2.991605612769230316e-01 5.370861555043706659e-01
7.886960251846153458e-01 -2.447677319538462126e-01 5.639568576160401969e-01
7.886960251846153458e-01 -1.903749026307692549e-01 5.845647751159094296e-01
7.886960251846153458e-01 -1.359820733076922972e-01 5.995560487535174232e-01
7.886960251846153458e-01 -8.158924398461543659e-02 6.093453660478657108e-01
7.886960251846153458e-01 -2.719641466153848233e-02 6.141815162372979975e-01
7.886960251846153458e-01 2.719641466153836437e-02 6.141815162372979975e-01
7.886960251846153458e-01 8.158924398461532557e-02 6.093453660478657108e-01
7.886960251846153458e-01 1.359820733076922972e-01 5.995560487535174232e-01
7.886960251846153458e-01 1.903749026307692549e-01 5.845647751159094296e-01
7.886960251846153458e-01 2.447677319538462126e-01 5.639568576160401969e-01
7.886960251846153458e-01 2.991605612769229205e-01 5.370861555043707769e-01
7.886960251846153458e-01 3.535533905999999060e-01 5.029498780725892848e-01
7.886960251846153458e-01 4.079462199230768915e-01 4.599331054712862965e-01
7.886960251846153458e-01 4.623390492461538215e-01 4.052174519935575203e-01
7.886960251846153458e-01 5.167318785692307515e-01 3.330866937124664084e-01
7.886960251846153458e-01 5.711247078923075149e-01 2.275415300399358798e-01
8.430888545076921092e-01 -5.167318785692307515e-01 1.489608978061739974e-01
8.430888545076921092e-01 -4.623390492461538215e-01 2.746703241106876470e-01
8.430888545076921092e-01 -4.079462199230768915e-01 3.504012914579227034e-01
8.430888545076921092e-01 -3.535533906000000171e-01 4.052174519935577979e-01
8.430888545076921092e-01 -2.991605612769230316e-01 4.468826937590935078e-01
8.430888545076921092e-01 -2.447677319538462126e-01 4.788422921997153581e-01
8.430888545076921092e-01 -1.903749026307692549e-01 5.029498780725895068e-01
8.430888545076921092e-01 -1.359820733076922972e-01 5.202980483759754859e-01
8.430888545076921092e-01 -8.158924398461543659e-02 5.315490369391391301e-01
8.430888545076921092e-01 -2.719641466153848233e-02 5.370861555043707769e-01
8.430888545076921092e-01 2.719641466153836437e-02 5.370861555043707769e-01
8.430888545076921092e-01 8.158924398461532557e-02 5.315490369391391301e-01
8.430888545076921092e-01 1.359820733076922972e-01 5.202980483759754859e-01
8.430888545076921092e-01 1.903749026307692549e-01 5.029498780725895068e-01
8.430888545076921092e-01 2.447677319538462126e-01 4.788422921997153581e-01
8.430888545076921092e-01 2.991605612769229205e-01 4.468826937590937853e-01
8.430888545076921092e-01 3.535533905999999060e-01 4.052174519935577979e-01
8.430888545076921092e-01 4.079462199230768915e-01 3.504012914579227034e-01
8.430888545076921092e-01 4.623390492461538215e-01 2.746703241106876470e-01
8.430888545076921092e-01 5.167318785692307515e-01 1.489608978061739974e-01
8.974816838307690947e-01 -4.079462199230768915e-01 1.676499592566606522e-01
8.974816838307690947e-01 -3.535533906000000171e-01 2.636790230252137324e-01
8.974816838307690947e-01 -2.991605612769230316e-01 3.240826835311690357e-01
8.974816838307690947e-01 -2.447677319538462126e-01 3.668996928077994379e-01
8.974816838307690947e-01 -1.903749026307692549e-01 3.978492473746964575e-01
8.974816838307690947e-01 -1.359820733076922972e-01 4.195658505255507875e-01
8.974816838307690947e-01 -8.158924398461543659e-02 4.334395257176096306e-01
8.974816838307690947e-01 -2.719641466153848233e-02 4.402124285136040371e-01
8.974816838307690947e-01 2.719641466153836437e-02 4.402124285136040371e-01
8.974816838307690947e-01 8.158924398461532557e-02 4.334395257176096306e-01
8.974816838307690947e-01 1.359820733076922972e-01 4.195658505255507875e-01
8.974816838307690947e-01 1.903749026307692549e-01 3.978492473746964575e-01
8.974816838307690947e-01 2.447677319538462126e-01 3.668996928077994379e-01
8.974816838307690947e-01 2.991605612769229205e-01 3.240826835311690357e-01
8.974816838307690947e-01 3.535533905999999060e-01 2.636790230252141765e-01
8.974816838307690947e-01 4.079462199230768915e-01 1.676499592566606522e-01
9.518745131538459692e-01 -2.991605612769230316e-01 6.661733846833826911e-02
9.518745131538459692e-01 -2.447677319538462126e-01 1.844550584893211442e-01
9.518745131538459692e-01 -1.903749026307692549e-01 2.401922306329949408e-01
9.518745131538459692e-01 -1.359820733076922972e-01 2.746703241106876470e-01
9.518745131538459692e-01 -8.158924398461543659e-02 2.954286825515551884e-01
9.518745131538459692e-01 -2.719641466153848233e-02 3.052789973740190899e-01
9.518745131538459692e-01 2.719641466153836437e-02 3.052789973740190899e-01
9.518745131538459692e-01 8.158924398461532557e-02 2.954286825515551884e-01
9.518745131538459692e-01 1.359820733076922972e-01 2.746703241106876470e-01
9.518745131538459692e-01 1.903749026307692549e-01 2.401922306329949408e-01
9.518745131538459692e-01 2.447677319538462126e-01 1.844550584893211442e-01
9.518745131538459692e-01 2.991605612769229205e-01 6.661733846833826911e-02
0.000000000000000000e+00 0.000000000000000000e+00 1.000000000000000000e+00
